survo_num=5
max=90.000000 min=-76.000000 neutral=0.000000 pulse_offset=150 pulse_per_angle=-0.888889 port=4
max=90.000000 min=-29.000000 neutral=0.000000 pulse_offset=137 pulse_per_angle=0.877778 port=3
max=41.000000 min=-88.000000 neutral=0.000000 pulse_offset=106 pulse_per_angle=-0.863636 port=2
max=68.000000 min=-93.000000 neutral=0.000000 pulse_offset=162 pulse_per_angle=0.978495 port=1
max=88.000000 min=-1.000000 neutral=0.000000 pulse_offset=166 pulse_per_angle=-0.932584 port=0